 101
18788.0307 36  1  71 R  0.1031E-04  0.633725E-01  0.397232E-05
18788.0583 37  1  89 P  0.2398E-04  0.633288E-01  0.422524E-05
18788.1064 57  5  30 R  0.2528E-02  0.628285E-01  0.187289E-04
18788.1521 56  5   5 P  0.2810E-02  0.628463E-01  0.170782E-04
18788.1540 47  2 135 P  0.4825E-02  0.629259E-01  0.824619E-05
18788.1575 59  4 102 P  0.9659E-06  0.625491E-01  0.227277E-04
18788.1622 39  1 119 R  0.1214E-03  0.632376E-01  0.479155E-05
18788.2032 40  2  69 R  0.1012E-01  0.632222E-01  0.510907E-05
18788.2056 56  5   6 R  0.2811E-02  0.628461E-01  0.170782E-04
18788.2067 49  3 105 P  0.3705E-02  0.629342E-01  0.956743E-05
18788.2291 39  2  41 P  0.1108E-01  0.632625E-01  0.479155E-05
18788.2327 60  4 104 P  0.3778E-07  0.620008E-01  0.251610E-04
18788.2418 48  2 141 R  0.4309E-02  0.628208E-01  0.887537E-05
18788.2565 43  3  21 P  0.4264E-02  0.631318E-01  0.622946E-05
18788.2993 43  3  23 R  0.4244E-02  0.631315E-01  0.622946E-05
18788.3203 44  2 116 P  0.6751E-02  0.630676E-01  0.666941E-05
18788.3299 45  3  68 P  0.4279E-02  0.630658E-01  0.714897E-05
18788.3337 32  0  56 R  0.3082E-01  0.635483E-01  0.312381E-05
18788.3799 40  1 127 P  0.2080E-03  0.631954E-01  0.510907E-05
18788.3850 44  3  53 R  0.4262E-02  0.630978E-01  0.666941E-05
18788.3987 39  0 159 P  0.2027E-01  0.631883E-01  0.479155E-05
18788.4095 56  5   4 P  0.2810E-02  0.628463E-01  0.170782E-04
18788.4190 54  3 126 P  0.2458E-02  0.625087E-01  0.143138E-04
18788.4339 34  0 103 P  0.2801E-01  0.634495E-01  0.351829E-05
18788.4409 32  0  53 P  0.3087E-01  0.635489E-01  0.312381E-05
18788.4542 56  5   5 R  0.2810E-02  0.628462E-01  0.170782E-04
18788.4837 44  3  51 P  0.4308E-02  0.630985E-01  0.666941E-05
18788.4862 50  3 112 R  0.3425E-02  0.628892E-01  0.103306E-04
18788.5421 35  1  37 R  0.6622E-04  0.634182E-01  0.373719E-05
18788.5934 55  4  89 P  0.4212E-04  0.628160E-01  0.156153E-04
18788.6022 42  1 143 P  0.3713E-03  0.630981E-01  0.582507E-05
18788.6046 67  5  73 R  0.6075E-03  0.617012E-01  0.578783E-04
18788.6210 56  5   3 P  0.2809E-02  0.628463E-01  0.170782E-04
18788.6259 64  5  68 R  0.1039E-02  0.626784E-01  0.393202E-04
18788.6335 45  2 125 R  0.6123E-02  0.630199E-01  0.714897E-05
18788.6360 68  5  74 R  0.4870E-03  0.633616E-01  0.666631E-04
18788.6439 53  3 123 P  0.2729E-02  0.627101E-01  0.131517E-04
18788.6501 60  5  54 R  0.1798E-02  0.627767E-01  0.251610E-04
18788.6567 56  5   4 R  0.2810E-02  0.628462E-01  0.170782E-04
18788.6834 46  1 165 R  0.4902E-03  0.621866E-01  0.767279E-05
18788.7390 39  2  43 R  0.1109E-01  0.632620E-01  0.479155E-05
18788.7417 39  0 161 R  0.2016E-01  0.631777E-01  0.479155E-05
18788.7516 47  1 167 P  0.2504E-03  0.436778E-01  0.824619E-05
18788.7701 54  3 127 R  0.2414E-02  0.622898E-01  0.143138E-04
18788.7864 56  5   2 P  0.2809E-02  0.628463E-01  0.170782E-04
18788.7944 65  5  70 R  0.9486E-03  0.626237E-01  0.444761E-04
18788.8132 56  5   3 R  0.2809E-02  0.628463E-01  0.170782E-04
18788.8189 40  1 129 R  0.1918E-03  0.631916E-01  0.510907E-05
18788.8409 60  5  53 P  0.1796E-02  0.627793E-01  0.251610E-04
18788.8612 46  3  82 R  0.4141E-02  0.630318E-01  0.767279E-05
18788.8747 49  4  35 R  0.2555E-03  0.629720E-01  0.956743E-05
18788.8929 35  1  34 P  0.6039E-04  0.634185E-01  0.373719E-05
18788.9059 56  5   1 P  0.2809E-02  0.628463E-01  0.170782E-04
18788.9238 56  5   2 R  0.2809E-02  0.628463E-01  0.170782E-04
18788.9343 52  4  71 P  0.8685E-04  0.628966E-01  0.121105E-04
18788.9351 50  4  52 R  0.1824E-03  0.629459E-01  0.103306E-04
18788.9794 56  5   0 P  0.2809E-02  0.628463E-01  0.170782E-04
18788.9883 56  5   1 R  0.2809E-02  0.628463E-01  0.170782E-04
18789.0030 54  4  84 P  0.5199E-04  0.628448E-01  0.143138E-04
18789.0068 56  5   0 R  0.2809E-02  0.628463E-01  0.170782E-04
18789.0070 59  5  48 R  0.2026E-02  0.627943E-01  0.227277E-04
18789.0160 36  1  68 P  0.9150E-05  0.633734E-01  0.397232E-05
18789.0190 50  2 148 R  0.3359E-02  0.617252E-01  0.103306E-04
18789.0228 59  5  47 P  0.2022E-02  0.627961E-01  0.227277E-04
18789.0240 37  0 142 P  0.2340E-01  0.633000E-01  0.422524E-05
18789.0464 45  1 161 R  0.4793E-03  0.627797E-01  0.714897E-05
18789.0599 43  3  20 P  0.4273E-02  0.631318E-01  0.622946E-05
18789.0969 56  4  93 P  0.3049E-04  0.627833E-01  0.170782E-04
18789.1012 43  3  22 R  0.4254E-02  0.631316E-01  0.622946E-05
18789.1079 66  5  71 P  0.7423E-03  0.625739E-01  0.505854E-04
18789.1224 43  2 109 R  0.7528E-02  0.631043E-01  0.622946E-05
18789.1539 55  4  90 R  0.4540E-04  0.628097E-01  0.156153E-04
18789.1541 47  3  90 P  0.4076E-02  0.630014E-01  0.824619E-05
18789.2111 51  4  62 P  0.1277E-03  0.629217E-01  0.111745E-04
18789.2420 43  1 151 R  0.3655E-03  0.630258E-01  0.622946E-05
18789.2738 35  0 121 R  0.2641E-01  0.633981E-01  0.373719E-05
18789.3193 57  5  28 P  0.2524E-02  0.628294E-01  0.187289E-04
18789.3644 56  4  94 R  0.3198E-04  0.627732E-01  0.170782E-04
18789.3991 48  3  98 P  0.3912E-02  0.629687E-01  0.887537E-05
18789.4042 37  1  91 R  0.1986E-04  0.633276E-01  0.422524E-05
18789.4183 49  4  33 P  0.2461E-03  0.629726E-01  0.956743E-05
18789.4365 53  4  78 P  0.6011E-04  0.628713E-01  0.131517E-04
18789.4551 53  3 124 R  0.2686E-02  0.626594E-01  0.131517E-04
18789.4753 43  2 107 P  0.7494E-02  0.631073E-01  0.622946E-05
18789.4906 57  5  29 R  0.2526E-02  0.628287E-01  0.187289E-04
18789.5230 58  5  39 P  0.2261E-02  0.628128E-01  0.205993E-04
18789.5244 38  0 151 P  0.2187E-01  0.632469E-01  0.449768E-05
18789.5260 46  2 131 R  0.5449E-02  0.629713E-01  0.767279E-05
18789.6360 58  5  40 R  0.2264E-02  0.628116E-01  0.205993E-04
18789.6498 46  3  80 P  0.4211E-02  0.630337E-01  0.767279E-05
18789.6513 38  1 104 P  0.6964E-04  0.632848E-01  0.449768E-05
18789.6652 39  2  40 P  0.1108E-01  0.632626E-01  0.479155E-05
18789.6726 35  1  36 R  0.6422E-04  0.634182E-01  0.373719E-05
18789.7824 64  5  67 P  0.1039E-02  0.626938E-01  0.393202E-04
18789.8144 54  4  85 R  0.5712E-04  0.628407E-01  0.143138E-04
18789.8268 43  3  19 P  0.4282E-02  0.631319E-01  0.622946E-05
18789.8665 43  3  21 R  0.4264E-02  0.631316E-01  0.622946E-05
18789.9060 33  0  85 R  0.2941E-01  0.634980E-01  0.331425E-05
18789.9498 50  4  50 P  0.1687E-03  0.629470E-01  0.103306E-04
18789.9822 32  0  55 R  0.3084E-01  0.635485E-01  0.312381E-05
18789.9935 62  5  62 R  0.1387E-02  0.627382E-01  0.311860E-04
